      3.500000      0.748936      3.141593   4009.302048
      3.513430      0.752686      3.141592   3169.484652
      3.526912      0.756445     -3.141591   2361.268091
      3.540446      0.760204     -3.141591   1584.054657
      3.554031      0.763956      3.141591    837.272155
      3.567669      0.767699     -3.141592    120.357010
      3.581359      0.771426     -3.141593   -567.229257
      3.595101      0.775140     -3.141592  -1226.024857
      3.608896      0.778860      3.141590  -1856.574795
      3.622744      0.782596     -3.141593  -2459.443409
      3.636646      0.786347      3.141592  -3035.191708
      3.650600      0.790102      3.141593  -3584.361468
      3.664608      0.793858      3.141591  -4107.459371
      3.678670      0.797615      3.141590  -4604.968525
      3.692786      0.801374     -3.141592  -5077.363123
      3.706956      0.805136      3.141592  -5525.137448
      3.721180      0.808902      3.141592  -5948.788967
      3.735459      0.812674      3.141591  -6348.808456
      3.749793      0.816450      3.141592  -6725.682043
      3.764182      0.820224     -3.141593  -7079.875729
      3.778626      0.823988      3.141593  -7411.831730
      3.793125      0.827732     -3.141593  -7721.952375
      3.807680      0.831455      3.141593  -8010.625075
      3.822291      0.835171     -3.141592  -8278.231966
      3.836958      0.838887     -3.141592  -8525.200799
      3.851682      0.842601      3.141592  -8752.015523
      3.866461      0.846307     -3.141593  -8959.152488
      3.881298      0.849999      3.141593  -9147.074462
      3.896191      0.853682      3.141593  -9316.217002
      3.911142      0.857364     -3.141593  -9467.007977
      3.926150      0.861052      3.141592  -9599.871605
      3.941215      0.864728     -3.141592  -9715.221527
      3.956338      0.868366     -3.141592  -9813.434946
      3.971520      0.871956     -3.141593  -9894.830966
      3.986759      0.875527      3.141589  -9959.728251
      4.002057      0.879095      3.141593 -10008.479058
      4.017414      0.882669      3.141593 -10041.454440
      4.032830      0.886250     -3.141592 -10059.034350
      4.048305      0.889838     -3.141593 -10061.587370
      4.063839      0.893417     -3.141592 -10049.435869
      4.079433      0.896978     -3.141593 -10022.957353
      4.095086      0.900549      3.141592  -9982.503986
      4.110800      0.904145     -3.141592  -9928.446738
      4.126574      0.907727      3.141592  -9861.195509
      4.142409      0.911169     -3.141593  -9781.074035
      4.158304      0.914411      3.141593  -9688.188386
      4.174260      0.917503      3.141593  -9582.565071
      4.190278      0.920521     -3.141593  -9464.319483
      4.206357      0.923625      3.141592  -9333.713184
      4.222498      0.927119      3.141593  -9191.306668
      4.238700      0.931028      3.141591  -9038.033597
      4.254965      0.934894      3.141593  -8874.630150
      4.271292      0.938559      3.141592  -8701.316587
      4.287682      0.942110      3.141577  -8518.134080
      4.304135      0.945569      3.141592  -8325.177418
      4.320651      0.949020      3.141592  -8122.624148
      4.337230      0.952524     -3.141593  -7910.720651
      4.353873      0.956389     -3.141592  -7689.854801
      4.370580      0.962322      3.141593  -7461.174237
      4.387351      0.966517      3.141592  -7225.904278
      4.404186      0.968641     -3.141593  -6981.604807
      4.421086      0.970627      3.141592  -6727.724271
      4.438050      0.972849      3.141593  -6464.644646
      4.455080      0.975341     -3.141593  -6192.900333
      4.472175      0.978030     -3.141566  -5912.941319
      4.489336      0.980837     -3.141563  -5625.125090
      4.506562      0.983709     -3.141584  -5329.715980
      4.523855      0.986637      3.141586  -5026.989247
      4.541214      0.989633      3.141288  -4717.275877
      4.558640      0.992737     -3.101099  -4403.457544
      4.576132      0.986991     -3.016674  -4126.199084
      4.593692      0.985217     -2.993008  -3874.722545
      4.611319      0.982648     -2.973078  -3641.287555
      4.629013      0.981150     -2.956960  -3424.220841
      4.646776      0.980270     -2.942943  -3221.408284
      4.664607      0.979118     -2.929855  -3032.180947
      4.682506      0.977974     -2.917833  -2855.602816
      4.700474      0.976771     -2.906089  -2691.147085
      4.718510      0.975297     -2.894402  -2539.327304
      4.736616      0.974000     -2.883629  -2399.589208
      4.754792      0.972777     -2.873526  -2270.858356
      4.773037      0.971378     -2.863718  -2152.459676
      4.791352      0.969860     -2.854206  -2043.818533
      4.809737      0.968630     -2.845318  -1944.100971
      4.828193      0.967872     -2.837163  -1852.323294
      4.846720      0.967400     -2.829506  -1767.737064
      4.865318      0.967024     -2.822133  -1689.861390
      4.883988      0.966647     -2.814932  -1618.347010
      4.902728      0.966251     -2.807873  -1552.868839
      4.921541      0.965861     -2.800969  -1493.071261
      4.940426      0.965503     -2.794229  -1438.564884
      4.959384      0.965156     -2.787620  -1388.972159
      4.978414      0.964771     -2.781084  -1343.964330
      4.997517      0.964334     -2.774600  -1303.243687
      5.016694      0.963912     -2.768218  -1266.511708
      5.035944      0.963590     -2.762004  -1233.463282
      5.055268      0.963371     -2.755953  -1203.816297
      5.074666      0.963174     -2.749987  -1177.330774
      5.094139      0.962936     -2.744052  -1153.772723
      5.113686      0.962821     -2.738305  -1132.831207
      5.133308      0.963056     -2.732947  -1114.134641
      5.153006      0.963487     -2.727815  -1097.430133
      5.172779      0.963943     -2.722743  -1082.589531
      5.192628      0.964387     -2.717697  -1069.516148
      5.212554      0.964683     -2.712543  -1058.138153
      5.232555      0.964846     -2.707324  -1048.324658
      5.252634      0.965763     -2.702924  -1039.617207
      5.272789      0.966878     -2.698733  -1031.780749
      5.293022      0.967876     -2.694451  -1024.844565
      5.313332      0.968842     -2.690167  -1018.767973
      5.333721      0.969872     -2.685991  -1013.437807
      5.354188      0.971352     -2.682344  -1008.598036
      5.374733      0.972840     -2.678701  -1004.215746
      5.395357      0.973653     -2.674361  -1000.719037
      5.416060      0.974651     -2.670250   -997.945073
      5.436843      0.975717     -2.666239   -995.714853
      5.457705      0.976826     -2.662300   -993.948819
      5.478647      0.977986     -2.658439   -992.589667
      5.499670      0.979115     -2.654567   -991.650097
      5.520773      0.980680     -2.651216   -991.097758
      5.541958      0.982259     -2.647907   -990.629596
      5.563224      0.983684     -2.644437   -990.264275
      5.584571      0.985111     -2.640989   -990.032639
      5.606000      0.986606     -2.637636   -989.911020
      5.627511      0.988285     -2.634511   -989.855364
      5.649105      0.990183     -2.631651   -989.769059
      5.670782      0.991693     -2.628367   -989.612786
      5.692542      0.993292     -2.625195   -989.582913
      5.714386      0.994930     -2.622102   -989.651243
      5.736313      0.996440     -2.618891   -989.770570
      5.758325      0.997819     -2.615556   -989.944184
      5.780421      0.998846     -2.611844   -990.209584
      5.802601      1.000087     -2.608397   -990.616397
      5.824867      1.002025     -2.605775   -991.021738
      5.847218      1.003729     -2.602902   -991.240067
      5.869656      1.005346     -2.599940   -991.300418
      5.892179      1.006931     -2.596957   -991.254493
      5.914788      1.008302     -2.593743   -991.133294
      5.937485      1.009412     -2.590239   -990.977531
      5.960268      1.011038     -2.587354   -990.778862
      5.983139      1.012741     -2.584586   -990.436025
      6.006097      1.013887     -2.581190   -989.923821
      6.029144      1.014543     -2.577228   -989.312590
      6.052279      1.015652     -2.573806   -988.654756
      6.075503      1.017573     -2.571363   -987.934571
      6.098816      1.019790     -2.569290   -987.124565
      6.122219      1.021887     -2.567094   -986.220222
      6.145711      1.023905     -2.564824   -985.248387
      6.169293      1.025991     -2.562655   -984.209190
      6.192966      1.028114     -2.560553   -983.084302
      6.216730      1.030130     -2.558346   -981.858947
      6.240585      1.032079     -2.556079   -980.554199
      6.264532      1.034190     -2.554026   -979.188286
      6.288570      1.036393     -2.552107   -977.736833
      6.312700      1.038523     -2.550124   -976.170258
      6.336924      1.040649     -2.548153   -974.495760
      6.361240      1.042820     -2.546254   -972.729352
      6.385649      1.045062     -2.544461   -970.880154
      6.410152      1.047581     -2.543020   -968.946933
      6.434750      1.060465     -2.553562   -966.255397
      6.459441      1.053834     -2.541644   -964.799619
      6.484227      1.061766     -2.546526   -962.596884
      6.509109      1.062868     -2.543536   -960.648549
      6.534086      1.068801     -2.546057   -958.728526
      6.559158      1.073008     -2.546596   -956.837794
      6.584327      1.076491     -2.546329   -954.941015
      6.609593      1.079671     -2.545736   -953.031873
      6.634955      1.082858     -2.545161   -951.109824
      6.660415      1.086017     -2.544569   -949.174341
      6.685972      1.089023     -2.543825   -947.220490
      6.711628      1.091830     -2.542882   -945.238153
      6.737382      1.094418     -2.541725   -943.213397
      6.763235      1.097059     -2.540644   -941.132688
      6.789187      1.099499     -2.539368   -938.990463
      6.815238      1.104743     -2.541072   -936.768660
      6.841390      1.105162     -2.537691   -934.539897
      6.867642      1.108348     -2.537239   -932.257371
      6.893994      1.115923     -2.541325   -929.959284
      6.920448      1.141218     -2.562060   -928.238297
      6.947003      1.125355     -2.543449   -925.501548
      6.973661      1.150856     -2.563738   -924.351237
      7.000420      1.132303     -2.543033   -921.230309
      7.027282      1.127141     -2.534312   -918.642017
      7.054247      1.165503     -2.566220   -918.692987
      7.081316      1.163754     -2.561419   -916.908933
      7.108489      1.168570     -2.562197   -915.135427
      7.135765      1.173637     -2.563162   -913.400448
      7.163147      1.189604     -2.572772   -911.835980
      7.190633      1.216474     -2.589327   -911.203933
      7.218225      1.223535     -2.591154   -911.299446
      7.245923      1.191122     -2.564562   -906.945849
      7.273728      1.195917     -2.565218   -905.388137
      7.301638      1.195720     -2.561956   -903.452681
      7.329656      1.234207     -2.586633   -911.324296
      7.357782      1.236121     -2.585026   -910.848269
      7.386015      1.237017     -2.582759   -910.187506
      7.414357      1.239023     -2.581234   -909.338390
      7.442808      1.222668     -2.567174   -902.178144
      7.471367      1.230901     -2.570127   -904.286089
      7.500036      1.219815     -2.559995   -895.752691
      7.528816      1.235000     -2.567321   -901.677538
      7.557705      1.246854     -2.572277   -902.187256
      7.586706      1.248479     -2.570550   -900.308098
      7.615818      1.250113     -2.568840   -898.278814
      7.645041      1.251748     -2.567141   -896.051231
      7.674377      1.253390     -2.565455   -893.651527
      7.703825      1.255011     -2.563766   -891.202957
      7.733387      1.256605     -2.562071   -888.814390
      7.763061      1.258161     -2.560366   -886.507115
      7.792850      1.243589     -2.548621   -879.860295
      7.822753      1.261124     -2.556902   -882.076950
      7.852770      1.262545     -2.555152   -879.937532
      7.882903      1.263934     -2.553395   -877.847859
      7.913151      1.265258     -2.551609   -875.816189
      7.943516      1.266481     -2.549770   -873.848962
      7.973997      1.267585     -2.547869   -871.903496
      8.004595      1.268562     -2.545900   -869.896220
      8.035310      1.269410     -2.543860   -867.784613
      8.066143      1.270161     -2.541768   -865.629929
      8.097095      1.270855     -2.539649   -863.507023
      8.128165      1.271525     -2.537523   -861.439729
      8.159355      1.272222     -2.535424   -859.425843
      8.190664      1.272999     -2.533386   -857.462829
      8.222093      1.273919     -2.531448   -855.544634
      8.253643      1.275046     -2.529653   -853.654393
      8.285314      1.276470     -2.528059   -851.767966
      8.317107      1.278324     -2.526751   -849.863218
      8.349022      1.280801     -2.525851   -847.927877
      8.381059      1.284180     -2.525533   -845.985787
      8.413218      1.288724     -2.525946   -844.107029
      8.445502      1.287972     -2.523013   -842.222498
      8.477909      1.323061     -2.541044   -842.715618
      8.510441      1.307582     -2.530151   -839.881337
      8.543097      1.324856     -2.537421   -840.206955
      8.575879      1.294613     -2.517525   -835.736792
      8.608786      1.290694     -2.512636   -834.213746
      8.641820      1.302902     -2.517923   -833.126426
      8.674981      1.316410     -2.523585   -833.218178
      8.708268      1.299393     -2.511053   -830.105048
      8.741684      1.294401     -2.505528   -828.644262
      8.775228      1.293133     -2.502338   -827.260390
      8.808900      1.374285     -2.543074   -827.175741
      8.842702      1.408859     -2.553837   -826.373832
      8.876633      1.407049     -2.551208   -825.074661
      8.910695      1.401846     -2.547398   -823.812429
      8.944887      1.408326     -2.547609   -822.657299
      8.979210      1.408714     -2.545738   -821.523796
      9.013666      1.413608     -2.545375   -820.440176
      9.048253      1.417321     -2.544602   -819.402248
      9.082973      1.420604     -2.543681   -818.404509
      9.117826      1.424789     -2.543028   -817.442556
      9.152814      1.428626     -2.542250   -816.517849
      9.187935      1.420354     -2.537769   -815.576580
      9.223191      1.435835     -2.540514   -814.787305
      9.258582      1.442159     -2.540371   -813.985642
      9.294110      1.444193     -2.539035   -813.221824
      9.329773      1.423025     -2.530951   -812.352730
      9.365573      1.449950     -2.536808   -811.804039
      9.401511      1.459871     -2.537397   -811.161971
      9.437587      1.448871     -2.532830   -810.510580
      9.473801      1.468125     -2.535617   -809.963262
      9.510154      1.448064     -2.528945   -809.318330
      9.546646      1.461486     -2.530490   -808.809065
      9.583279      1.455749     -2.527291   -808.251708
      9.620052      1.448816     -2.523691   -807.696087
      9.656966      1.439562     -2.519289   -807.125063
      9.694022      1.451321     -2.520759   -806.718644
      9.731220      1.475937     -2.524781   -806.371686
      9.768561      1.442720     -2.514802   -805.728062
      9.806045      1.480086     -2.522128   -805.495290
      9.843673      1.469853     -2.518216   -805.019991
      9.881445      1.443668     -2.509738   -804.438153
      9.919363      1.467587     -2.514225   -804.182363
      9.957425      1.447749     -2.507391   -803.661855
      9.995634      1.476718     -2.512811   -803.443744
     10.033990      1.438348     -2.501107   -802.830447
     10.072492      1.451129     -2.503119   -802.553724
     10.111143      1.474479     -2.507222   -802.327738
     10.149941      1.479092     -2.506529   -801.999685
     10.188889      1.455665     -2.499220   -801.535586
     10.227986      1.441650     -2.493465   -801.117556
     10.267233      1.440964     -2.491541   -800.791551
     10.306630      1.443788     -2.490706   -800.495803
     10.346179      1.444031     -2.489086   -800.191064
     10.385880      1.445708     -2.487908   -799.902262
     10.425733      1.463975     -2.491338   -799.709079
     10.465738      1.471128     -2.491460   -799.456556
     10.505898      1.465190     -2.488356   -799.149323
     10.546211      1.454549     -2.483842   -798.823883
     10.586679      1.458634     -2.483341   -798.578744
     10.627303      1.479493     -2.486891   -798.410885
     10.668082      1.459524     -2.480326   -798.069731
     10.709018      1.497906     -2.487363   -797.971064
     10.750110      1.504557     -2.486909   -797.746661
     10.791361      1.496241     -2.483920   -797.484006
     10.832770      1.496548     -2.482412   -797.252446
     10.874337      1.500655     -2.481585   -797.037300
     10.916065      1.509640     -2.481487   -796.838881
     10.957952      1.517405     -2.481046   -796.639331
     11.000000      1.570794     -2.483020   -796.482433
