      3.500000   4009.302048        9     -0.393012      0.000000
      3.513430   3169.484652        3     -0.395179      0.000000
      3.526912   2361.268091       15     -0.397353     -0.000000
      3.540446   1584.054657        7     -0.399531     -0.000001
      3.554031    837.272155        5     -0.401708      0.000001
      3.567669    120.357010        5     -0.403883     -0.000000
      3.581359   -567.229257        6     -0.406053     -0.000000
      3.595101  -1226.024857        9     -0.408217     -0.000000
      3.608896  -1856.574795        6     -0.410389      0.000001
      3.622744  -2459.443409        4     -0.412573     -0.000000
      3.636646  -3035.191708       13     -0.414769      0.000000
      3.650600  -3584.361468       12     -0.416972      0.000000
      3.664608  -4107.459371        8     -0.419178      0.000001
      3.678670  -4604.968525        5     -0.421388      0.000001
      3.692786  -5077.363123       13     -0.423603     -0.000000
      3.706956  -5525.137448        3     -0.425823      0.000000
      3.721180  -5948.788967       12     -0.428050      0.000000
      3.735459  -6348.808456       10     -0.430283      0.000001
      3.749793  -6725.682043        5     -0.432522      0.000000
      3.764182  -7079.875729       12     -0.434764     -0.000000
      3.778626  -7411.831730       15     -0.437004      0.000000
      3.793125  -7721.952375        4     -0.439235     -0.000000
      3.807680  -8010.625075        6     -0.441458      0.000000
      3.822291  -8278.231966       10     -0.443680     -0.000000
      3.836958  -8525.200799       10     -0.445906     -0.000000
      3.851682  -8752.015523       12     -0.448133      0.000000
      3.866461  -8959.152488        7     -0.450360     -0.000000
      3.881298  -9147.074462        9     -0.452583      0.000000
      3.896191  -9316.217002        7     -0.454803      0.000000
      3.911142  -9467.007977       12     -0.457027     -0.000000
      3.926150  -9599.871605        8     -0.459258      0.000000
      3.941215  -9715.221527       13     -0.461486     -0.000000
      3.956338  -9813.434946       12     -0.463693     -0.000000
      3.971520  -9894.830966        9     -0.465876     -0.000000
      3.986759  -9959.728251       14     -0.468051      0.000002
      4.002057 -10008.479058       12     -0.470228      0.000000
      4.017414 -10041.454440        8     -0.472412      0.000000
      4.032830 -10059.034350       10     -0.474604     -0.000000
      4.048305 -10061.587370        3     -0.476804     -0.000000
      4.063839 -10049.435869        8     -0.479002     -0.000000
      4.079433 -10022.957353        6     -0.481193     -0.000000
      4.095086  -9982.503986       15     -0.483394      0.000000
      4.110800  -9928.446738        8     -0.485614     -0.000000
      4.126574  -9861.195509       12     -0.487829      0.000000
      4.142409  -9781.074035        9     -0.489961     -0.000000
      4.158304  -9688.188386        4     -0.491973      0.000000
      4.174260  -9582.565071        7     -0.493895      0.000000
      4.190278  -9464.319483       13     -0.495773     -0.000000
      4.206357  -9333.713184       14     -0.497708      0.000000
      4.222498  -9191.306668        7     -0.499890      0.000000
      4.238700  -9038.033597       10     -0.502335      0.000001
      4.254965  -8874.630150        6     -0.504758      0.000000
      4.271292  -8701.316587       19     -0.507060      0.000000
      4.287682  -8518.134080       17     -0.509294      0.000008
      4.304135  -8325.177418       10     -0.511474      0.000000
      4.320651  -8122.624148       13     -0.513653      0.000000
      4.337230  -7910.720651        8     -0.515869     -0.000000
      4.353873  -7689.854801        7     -0.518318     -0.000000
      4.370580  -7461.174237        9     -0.522088      0.000000
      4.387351  -7225.904278       18     -0.524760      0.000000
      4.404186  -6981.604807        8     -0.526115     -0.000000
      4.421086  -6727.724271        8     -0.527384      0.000000
      4.438050  -6464.644646        5     -0.528804      0.000000
      4.455080  -6192.900333       23     -0.530399     -0.000000
      4.472175  -5912.941319        4     -0.532124     -0.000014
      4.489336  -5625.125090       18     -0.533926     -0.000016
      4.506562  -5329.715980       18     -0.535773     -0.000004
      4.523855  -5026.989247       14     -0.537659      0.000003
      4.541214  -4717.275877       20     -0.539591      0.000164
      4.558640  -4403.457544       10     -0.541153     -0.021925
      4.576132  -4126.199084        7     -0.533695     -0.067017
      4.593692  -3874.722545       12     -0.530830     -0.079459
      4.611319  -3641.287555       19     -0.527511     -0.089744
      4.629013  -3424.220841       10     -0.525049     -0.098058
      4.646776  -3221.408284        4     -0.523069     -0.105296
      4.664607  -3032.180947       12     -0.520922     -0.111977
      4.682506  -2855.602816        5     -0.518823     -0.118069
      4.700474  -2691.147085        7     -0.516650     -0.123974
      4.718510  -2539.327304        8     -0.514250     -0.129772
      4.736616  -2399.589208       16     -0.512019     -0.135092
      4.754792  -2270.858356        5     -0.509873     -0.140051
      4.773037  -2152.459676       14     -0.507615     -0.144799
      4.791352  -2043.818533       18     -0.505284     -0.149347
      4.809737  -1944.100971        4     -0.503186     -0.153602
      4.828193  -1852.323294        3     -0.501455     -0.157555
      4.846720  -1767.737064       16     -0.499947     -0.161298
      4.865318  -1689.861390       11     -0.498516     -0.164904
      4.883988  -1618.347010        7     -0.497088     -0.168413
      4.902728  -1552.868839        8     -0.495649     -0.171834
      4.921541  -1493.071261       10     -0.494216     -0.175169
      4.940426  -1438.564884       10     -0.492810     -0.178419
      4.959384  -1388.972159       10     -0.491412     -0.181595
      4.978414  -1343.964330       12     -0.489985     -0.184716
      4.997517  -1303.243687        5     -0.488518     -0.187790
      5.016694  -1266.511708       11     -0.487059     -0.190806
      5.035944  -1233.463282       10     -0.485674     -0.193753
      5.055268  -1203.816297        5     -0.484363     -0.196635
      5.074666  -1177.330774       12     -0.483065     -0.199473
      5.094139  -1153.772723        5     -0.481733     -0.202278
      5.113686  -1132.831207       11     -0.480495     -0.205015
      5.133308  -1114.134641       11     -0.479528     -0.207646
      5.153006  -1097.430133        8     -0.478707     -0.210214
      5.172779  -1082.589531        5     -0.477899     -0.212758
      5.192628  -1069.516148        4     -0.477078     -0.215283
      5.212554  -1058.138153        4     -0.476133     -0.217817
      5.232555  -1048.324658        5     -0.475084     -0.220343
      5.252634  -1039.617207       17     -0.474639     -0.222679
      5.272789  -1031.780749        3     -0.474344     -0.224971
      5.293022  -1024.844565       14     -0.473951     -0.227276
      5.313332  -1018.767973        5     -0.473527     -0.229573
      5.333721  -1013.437807        6     -0.473155     -0.231838
      5.354188  -1008.598036        8     -0.473154     -0.233981
      5.374733  -1004.215746       12     -0.473150     -0.236128
      5.395357  -1000.719037        8     -0.472586     -0.238414
      5.416060   -997.945073       10     -0.472171     -0.240645
      5.436843   -995.714853        3     -0.471809     -0.242849
      5.457705   -993.948819        8     -0.471479     -0.245034
      5.478647   -992.589667        6     -0.471188     -0.247198
      5.499670   -991.650097       10     -0.470868     -0.249360
      5.520773   -991.097758        8     -0.470916     -0.251409
      5.541958   -990.629596        4     -0.470976     -0.253447
      5.563224   -990.264275        4     -0.470899     -0.255517
      5.584571   -990.032639        7     -0.470822     -0.257580
      5.606000   -989.911020       11     -0.470798     -0.259622
      5.627511   -989.855364        4     -0.470931     -0.261618
      5.649105   -989.769059        4     -0.471251     -0.263562
      5.670782   -989.612786        3     -0.471232     -0.265587
      5.692542   -989.582913       10     -0.471287     -0.267591
      5.714386   -989.651243       14     -0.471377     -0.269574
      5.736313   -989.770570        8     -0.471356     -0.271574
      5.758325   -989.944184        5     -0.471221     -0.273593
      5.780421   -990.209584        7     -0.470777     -0.275677
      5.802601   -990.616397        6     -0.470517     -0.277707
      5.824867   -991.021738        8     -0.470870     -0.279583
      5.847218   -991.240067       14     -0.471016     -0.281503
      5.869656   -991.300418        9     -0.471082     -0.283440
      5.892179   -991.254493        6     -0.471118     -0.285379
      5.914788   -991.133294       12     -0.470961     -0.287357
      5.937485   -990.977531        9     -0.470568     -0.289385
      5.960268   -990.778862       14     -0.470633     -0.291300
      5.983139   -990.436025        5     -0.470770     -0.293190
      6.006097   -989.923821        7     -0.470407     -0.295185
      6.029144   -989.312590        4     -0.469596     -0.297276
      6.052279   -988.654756       11     -0.469188     -0.299272
      6.075503   -987.934571        6     -0.469515     -0.301097
      6.098816   -987.124565        7     -0.470112     -0.302857
      6.122219   -986.220222        4     -0.470602     -0.304637
      6.145711   -985.248387        5     -0.471022     -0.306428
      6.169293   -984.209190        8     -0.471505     -0.308200
      6.192966   -983.084302       15     -0.472026     -0.309959
      6.216730   -981.858947        3     -0.472451     -0.311732
      6.240585   -980.554199       12     -0.472816     -0.313514
      6.264532   -979.188286       14     -0.473334     -0.315258
      6.288570   -977.736833        6     -0.473940     -0.316976
      6.312700   -976.170258        3     -0.474483     -0.318703
      6.336924   -974.495760        7     -0.475024     -0.320427
      6.361240   -972.729352       19     -0.475609     -0.322137
      6.385649   -970.880154       15     -0.476264     -0.323828
      6.410152   -968.946933        9     -0.477184     -0.325460
      6.434750   -966.255397        3     -0.487763     -0.325195
      6.459441   -964.799619       11     -0.480183     -0.328475
      6.484227   -962.596884       25     -0.486187     -0.329109
      6.509109   -960.648549       12     -0.485814     -0.330979
      6.534086   -958.728526        5     -0.489957     -0.331996
      6.559158   -956.837794       10     -0.492490     -0.333326
      6.584327   -954.941015        8     -0.494356     -0.334780
      6.609593   -953.031873        9     -0.495943     -0.336285
      6.634955   -951.109824       16     -0.497544     -0.337788
      6.660415   -949.174341       13     -0.499124     -0.339293
      6.685972   -947.220490        5     -0.500568     -0.340819
      6.711628   -945.238153       13     -0.501832     -0.342373
      6.737382   -943.213397        8     -0.502899     -0.343954
      6.763235   -941.132688       17     -0.504022     -0.345522
      6.789187   -938.990463       14     -0.504962     -0.347115
      6.815238   -936.768660        9     -0.508533     -0.348295
      6.841390   -934.539897        8     -0.507591     -0.350177
      6.867642   -932.257371        6     -0.509243     -0.351656
      6.893994   -929.959284       12     -0.515009     -0.352539
      6.920448   -928.238297       19     -0.537029     -0.351486
      6.947003   -925.501548       14     -0.521188     -0.355145
      6.973661   -924.351237       19     -0.543336     -0.354313
      7.000420   -921.230309       19     -0.525060     -0.358104
      7.027282   -918.642017       12     -0.518946     -0.360605
      7.054247   -918.692987        9     -0.552985     -0.358652
      7.081316   -916.908933       17     -0.550208     -0.360616
      7.108489   -915.135427        8     -0.553380     -0.362079
      7.135765   -913.400448       15     -0.556783     -0.363540
      7.163147   -911.835980        9     -0.570004     -0.364407
      7.190633   -911.203933       10     -0.592785     -0.365290
      7.218225   -911.299446       13     -0.597931     -0.366955
      7.245923   -906.945849        7     -0.567920     -0.369678
      7.273728   -905.388137       10     -0.571101     -0.371215
      7.301638   -903.452681       13     -0.569767     -0.372997
      7.329656   -911.324296       18     -0.603058     -0.373866
      7.357782   -910.848269       17     -0.603679     -0.375595
      7.386015   -910.187506       15     -0.603398     -0.377320
      7.414357   -909.338390        9     -0.604102     -0.379044
      7.442808   -902.178144       14     -0.588417     -0.380836
      7.471367   -904.286089       13     -0.594717     -0.382426
      7.500036   -895.752691        9     -0.583892     -0.383882
      7.528816   -901.677538       17     -0.596227     -0.385766
      7.557705   -902.187256        4     -0.605673     -0.387632
      7.586706   -900.308098       30     -0.606040     -0.389344
      7.615818   -898.278814       16     -0.606416     -0.391053
      7.645041   -896.051231        9     -0.606796     -0.392759
      7.674377   -893.651527       10     -0.607181     -0.394463
      7.703825   -891.202957        4     -0.607550     -0.396163
      7.733387   -888.814390        6     -0.607896     -0.397858
      7.763061   -886.507115       10     -0.608210     -0.399548
      7.792850   -879.860295        7     -0.594283     -0.400468
      7.822753   -882.076950        6     -0.608714     -0.402904
      7.852770   -879.937532        5     -0.608916     -0.404571
      7.882903   -877.847859        9     -0.609091     -0.406232
      7.913151   -875.816189        5     -0.609210     -0.407886
      7.943516   -873.848962       10     -0.609240     -0.409530
      7.973997   -871.903496        4     -0.609164     -0.411163
      8.004595   -869.896220        9     -0.608976     -0.412784
      8.035310   -867.784613        9     -0.608673     -0.414393
      8.066143   -865.629929        5     -0.608283     -0.415993
      8.097095   -863.507023        9     -0.607842     -0.417584
      8.128165   -861.439729        4     -0.607379     -0.419169
      8.159355   -859.425843        7     -0.606940     -0.420750
      8.190664   -857.462829        7     -0.606574     -0.422329
      8.222093   -855.544634        4     -0.606338     -0.423911
      8.253643   -853.654393        9     -0.606290     -0.425500
      8.285314   -851.767966        8     -0.606513     -0.427101
      8.317107   -849.863218        9     -0.607129     -0.428724
      8.349022   -847.927877        6     -0.608313     -0.430381
      8.381059   -845.985787       13     -0.610324     -0.432095
      8.413218   -844.107029        9     -0.613399     -0.433892
      8.445502   -842.222498       17     -0.611645     -0.435348
      8.477909   -842.715618       16     -0.642332     -0.439960
      8.510441   -839.881337        8     -0.627384     -0.439838
      8.543097   -840.206955       14     -0.641921     -0.443105
      8.575879   -835.736792       14     -0.613470     -0.441740
      8.608786   -834.213746       12     -0.608817     -0.442925
      8.641820   -833.126426        9     -0.618949     -0.445312
      8.674981   -833.218178       10     -0.630212     -0.448021
      8.708268   -830.105048        7     -0.613638     -0.447920
      8.741684   -828.644262        8     -0.607993     -0.448969
      8.775228   -827.260390        8     -0.605758     -0.450313
      8.808900   -827.175741       17     -0.677909     -0.462310
      8.842702   -826.373832        7     -0.707267     -0.471258
      8.876633   -825.074661       11     -0.704731     -0.472250
      8.910695   -823.812429       16     -0.699228     -0.472432
      8.944887   -822.657299        8     -0.703937     -0.475398
      8.979210   -821.523796        7     -0.703323     -0.476901
      9.013666   -820.440176       15     -0.706645     -0.479528
      9.048253   -819.402248       13     -0.708933     -0.481881
      9.082973   -818.404509        4     -0.710846     -0.484140
      9.117826   -817.442556        8     -0.713543     -0.486658
      9.152814   -816.517849        3     -0.715934     -0.489106
      9.187935   -815.576580        8     -0.707792     -0.488210
      9.223191   -814.787305       10     -0.720308     -0.493930
      9.258582   -813.985642        3     -0.724847     -0.497195
      9.294110   -813.221824        7     -0.725668     -0.499186
      9.329773   -812.352730        4     -0.706352     -0.494358
      9.365573   -811.804039       16     -0.728771     -0.503714
      9.401511   -811.161971       10     -0.736385     -0.508337
      9.437587   -810.510580       14     -0.725971     -0.506058
      9.473801   -809.963262       14     -0.741610     -0.513896
      9.510154   -809.318330        9     -0.723411     -0.508462
      9.546646   -808.809065       10     -0.734048     -0.514246
      9.583279   -808.251708        9     -0.728183     -0.513617
      9.620052   -807.696087       12     -0.721276     -0.512644
      9.656966   -807.125063       11     -0.712336     -0.511024
      9.694022   -806.718644       11     -0.721589     -0.516057
      9.731220   -806.371686       12     -0.741799     -0.526014
      9.768561   -805.728062       11     -0.712301     -0.515856
      9.806045   -805.495290       24     -0.743492     -0.530185
      9.843673   -805.019991       22     -0.733830     -0.527637
      9.881445   -804.438153       11     -0.710358     -0.519953
      9.919363   -804.182363        6     -0.730053     -0.529355
      9.957425   -803.661855        8     -0.712058     -0.523768
      9.995634   -803.443744        9     -0.736027     -0.535276
     10.033990   -802.830447        4     -0.702067     -0.523250
     10.072492   -802.553724        7     -0.712236     -0.528603
     10.111143   -802.327738       18     -0.731376     -0.538168
     10.149941   -801.999685       14     -0.734398     -0.541177
     10.188889   -801.535586       13     -0.713420     -0.533808
     10.227986   -801.117556        5     -0.700377     -0.530363
     10.267233   -800.791551        4     -0.698871     -0.531342
     10.306630   -800.495803       10     -0.700419     -0.533442
     10.346179   -800.191064        8     -0.699725     -0.534707
     10.385880   -799.902262        6     -0.700278     -0.536437
     10.425733   -799.709079       13     -0.715145     -0.543944
     10.465738   -799.456556       11     -0.720374     -0.547782
     10.505898   -799.149323       11     -0.714393     -0.546742
     10.546211   -798.823883       11     -0.704335     -0.544104
     10.586679   -798.578744        7     -0.706964     -0.546700
     10.627303   -798.410885       23     -0.723921     -0.555718
     10.668082   -798.069731        7     -0.705944     -0.549321
     10.709018   -797.971064        9     -0.737688     -0.565732
     10.750110   -797.746661       10     -0.742364     -0.569854
     10.791361   -797.484006        8     -0.734508     -0.567321
     10.832770   -797.252446        3     -0.733877     -0.568603
     10.874337   -797.037300       10     -0.736433     -0.571558
     10.916065   -796.838881        3     -0.743037     -0.576801
     10.957952   -796.639331        8     -0.748583     -0.581635
     11.000000   -796.482433        4     -0.790865     -0.611987
